0.0 0.111111
0.1 0.116279
0.2 0.121951
0.3 0.128205
0.4 0.135135
0.5 0.142857
0.6 0.151515
0.7 0.16129
0.8 0.172414
0.9 0.185185
1.0 0.2
1.1 0.217391
1.2 0.238095
1.3 0.263158
1.4 0.294118
1.5 0.333333
1.6 0.384615
1.7 0.454545
1.8 0.555556
1.9 0.714286
2.0 1.0
2.1 0.714286
2.2 0.555556
2.3 0.454545
2.4 0.384615
2.5 0.333333
2.6 0.294118
2.7 0.263158
2.8 0.238095
2.9 0.217391
3.0 0.2
3.1 0.185185
3.2 0.172414
3.3 0.16129
3.4 0.151515
3.5 0.142857
3.6 0.135135
3.7 0.128205
3.8 0.121951
3.9 0.116279
4.0 0.111111
4.1 0.106383
4.2 0.102041
4.3 0.098039
4.4 0.09434
4.5 0.090909
4.6 0.087719
4.7 0.084746
4.8 0.081967
4.9 0.079365
5.0 0.076923
