0.0 0.666667
0.1 0.677966
0.2 0.689655
0.3 0.701754
0.4 0.714286
0.5 0.727273
0.6 0.740741
0.7 0.754717
0.8 0.769231
0.9 0.784314
1.0 0.8
1.1 0.816327
1.2 0.833333
1.3 0.851064
1.4 0.869565
1.5 0.888889
1.6 0.909091
1.7 0.930233
1.8 0.952381
1.9 0.97561
2.0 1.0
2.1 0.97561
2.2 0.952381
2.3 0.930233
2.4 0.909091
2.5 0.888889
2.6 0.869565
2.7 0.851064
2.8 0.833333
2.9 0.816327
3.0 0.8
3.1 0.784314
3.2 0.769231
3.3 0.754717
3.4 0.740741
3.5 0.727273
3.6 0.714286
3.7 0.701754
3.8 0.689655
3.9 0.677966
4.0 0.666667
4.1 0.655738
4.2 0.645161
4.3 0.634921
4.4 0.625
4.5 0.615385
4.6 0.606061
4.7 0.597015
4.8 0.588235
4.9 0.57971
5.0 0.571429
