0.0 0.333333
0.1 0.344828
0.2 0.357143
0.3 0.37037
0.4 0.384615
0.5 0.4
0.6 0.416667
0.7 0.434783
0.8 0.454545
0.9 0.47619
1.0 0.5
1.1 0.526316
1.2 0.555556
1.3 0.588235
1.4 0.625
1.5 0.666667
1.6 0.714286
1.7 0.769231
1.8 0.833333
1.9 0.909091
2.0 1.0
2.1 0.909091
2.2 0.833333
2.3 0.769231
2.4 0.714286
2.5 0.666667
2.6 0.625
2.7 0.588235
2.8 0.555556
2.9 0.526316
3.0 0.5
3.1 0.47619
3.2 0.454545
3.3 0.434783
3.4 0.416667
3.5 0.4
3.6 0.384615
3.7 0.37037
3.8 0.357143
3.9 0.344828
4.0 0.333333
4.1 0.322581
4.2 0.3125
4.3 0.30303
4.4 0.294118
4.5 0.285714
4.6 0.277778
4.7 0.27027
4.8 0.263158
4.9 0.25641
5.0 0.25
